
TEST 1 x -> 7*x^5 + 2*x^4 + 3*x^3 - 12* - 2 na [-1,1]
QUADGK : int_a^b f dx = 48.800000000000

SIMPSON
2	1
4	3
6	5
8	6
10	7
12	8
14	8
16	9
18	9
20	10
22	10
24	11
26	11
28	11
30	11
32	12
34	12
36	12
38	12
40	13
42	13
44	13
46	13
48	13
50	14

TRAPEZY
2	-1
4	1
6	1
8	2
10	2
12	3
14	3
16	3
18	4
20	4
22	4
24	4
26	4
28	4
30	5
32	5
34	5
36	5
38	5
40	5
42	5
44	5
46	5
48	6
50	6

LOSOWE
2	-2	-4
4	-1	-4
6	2	-3
8	1	-2
10	2	-3
12	1	-2
14	0	-3
16	1	-1
18	3	1
20	2	-2
22	2	-1
24	3	-1
26	2	-2
28	3	-1
30	2	3
32	3	1
34	3	-1
36	8	-1
38	6	-1
40	1	-2
42	3	-2
44	3	0
46	5	0
48	2	2
50	5	-1
52	7	0
54	3	-1
56	5	-1
58	6	0
60	4	1
62	3	-2
64	5	2
66	6	0
68	4	1
70	4	-1
72	3	1
74	4	-1
76	4	1
78	5	-1
80	4	0
82	6	-1
84	5	-1
86	5	0
88	5	-1
90	5	1
92	5	2
94	5	1
96	6	1
98	5	-1
100	4	0
102	4	-1
104	7	0
106	5	2
108	6	0
110	6	1
112	5	-1
114	9	0
116	7	1
118	6	0
120	6	-1
122	5	-1
124	4	-1
126	5	-1
128	5	1
130	7	0
132	5	2
134	5	3
136	7	0
138	5	0
140	8	0
142	7	0
144	6	0
146	6	0
148	5	2
150	5	1
152	6	0
154	5	1
156	6	1
158	7	1
160	5	0
162	6	0
164	6	3
166	6	1
168	5	0
170	6	-1
172	6	4
174	6	1
176	6	-1
178	8	2
180	5	2
182	8	0
184	6	-1
186	11	0
188	7	3
190	6	4
192	7	0
194	6	5
196	6	0
198	8	0
200	6	1

TEST 2 x -> sin(x^2) - cos(sin(x)) + 1 na [-1,1]
QUADGK : int_a^b f dx = 0.883056524293

SIMPSON
2	2
4	4
6	6
8	7
10	8
12	9
14	10
16	10
18	11
20	11
22	11
24	12
26	12
28	12
30	13
32	13
34	13
36	13
38	14
40	14
42	14
44	14
46	14
48	14
50	15

TRAPEZY
2	1
4	2
6	3
8	4
10	4
12	4
14	5
16	5
18	5
20	6
22	6
24	6
26	6
28	6
30	6
32	6
34	7
36	7
38	7
40	7
42	7
44	7
46	7
48	7
50	7

LOSOWE
2	-1	0
4	0	3
6	2	1
8	2	0
10	3	0
12	3	5
14	3	2
16	3	7
18	4	2
20	4	1
22	3	3
24	5	1
26	5	3
28	4	1
30	4	1
32	5	3
34	5	4
36	7	1
38	6	2
40	4	2
42	4	2
44	6	1
46	6	3
48	6	4
50	6	3
52	5	2
54	6	4
56	6	4
58	6	2
60	6	5
62	6	2
64	7	4
66	6	7
68	9	5
70	6	3
72	6	3
74	6	6
76	7	5
78	7	3
80	7	4
82	6	5
84	7	4
86	7	3
88	6	8
90	6	5
92	7	3
94	7	3
96	7	3
98	7	6
100	7	4
102	7	3
104	7	4
106	7	4
108	7	4
110	8	5
112	7	5
114	7	5
116	7	4
118	6	4
120	7	3
122	8	3
124	7	5
126	7	4
128	8	4
130	7	4
132	7	4
134	8	5
136	8	4
138	8	5
140	8	3
142	8	3
144	8	3
146	8	2
148	8	3
150	8	3
152	8	6
154	8	4
156	8	3
158	8	5
160	8	4
162	8	3
164	8	5
166	8	5
168	8	7
170	8	3
172	10	4
174	8	5
176	8	5
178	8	5
180	8	6
182	8	7
184	7	3
186	8	3
188	8	4
190	8	4
192	8	4
194	8	3
196	9	3
198	8	3
200	8	3

TEST 3 x -> 1/(1+25*x^2) na [-1,1]QUADGK : int_a^b f dx = 0.549360306778

SIMPSON
2	0
4	4
6	2
8	4
10	4
12	5
14	5
16	6
18	7
20	7
22	8
24	8
26	9
28	10
30	10
32	11
34	12
36	12
38	13
40	13
42	14
44	15
46	15
48	16
50	17

TRAPEZY
2	0
4	2
6	3
8	4
10	6
12	8
14	9
16	8
18	8
20	9
22	9
24	9
26	9
28	9
30	9
32	9
34	10
36	10
38	10
40	10
42	10
44	10
46	10
48	10
50	10

LOSOWE
2	0	0
4	0	0
6	2	5
8	1	3
10	2	2
12	2	1
14	3	3
16	2	3
18	2	3
20	4	2
22	4	3
24	5	3
26	3	5
28	5	7
30	5	5
32	4	6
34	5	5
36	4	5
38	5	6
40	6	6
42	4	6
44	7	7
46	7	9
48	5	7
50	5	6
52	5	7
54	4	5
56	7	5
58	6	6
60	8	5
62	6	7
64	6	6
66	6	5
68	5	7
70	6	8
72	6	5
74	9	10
76	6	6
78	6	6
80	6	5
82	7	6
84	7	6
86	7	8
88	6	5
90	7	7
92	8	7
94	8	6
96	7	9
98	7	9
100	9	7
102	8	5
104	6	6
106	13	5
108	6	10
110	7	6
112	7	11
114	6	8
116	6	8
118	8	7
120	6	7
122	8	7
124	8	6
126	7	7
128	7	7
130	6	5
132	9	11
134	7	12
136	7	8
138	7	9
140	7	10
142	6	7
144	7	6
146	8	6
148	7	7
150	7	6
152	8	7
154	8	6
156	9	8
158	10	9
160	9	8
162	7	6
164	9	8
166	7	8
168	9	7
170	8	8
172	6	7
174	8	7
176	8	7
178	8	6
180	8	13
182	9	8
184	8	7
186	9	7
188	7	9
190	8	7
192	8	8
194	8	6
196	7	7
198	8	7
200	9	7

TEST 4 x -> -x^2 + 5 ma [0,10]
QUADGK : int_a^b f dx = -283.333333333333

SIMPSON
2	Inf
4	Inf
6	30
8	Inf
10	30
12	30
14	30
16	Inf
18	30
20	30
22	30
24	Inf
26	30
28	Inf
30	30
32	Inf
34	30
36	30
38	30
40	30
42	30
44	30
46	30
48	Inf
50	Inf

TRAPEZY
2	-4
4	-3
6	-2
8	-1
10	-1
12	-1
14	0
16	0
18	0
20	0
22	1
24	1
26	1
28	1
30	1
32	1
34	1
36	2
38	2
40	2
42	2
44	2
46	2
48	2
50	2

LOSOWE
2	-6	-6
4	-4	-2
6	-3	-6
8	-4	-5
10	-2	-5
12	-2	-4
14	-3	-5
16	-2	-5
18	-2	-5
20	-1	-3
22	-1	-3
24	-1	-4
26	-1	-5
28	-1	-4
30	0	-3
32	0	-3
34	0	-4
36	0	-3
38	0	-3
40	0	-4
42	0	2
44	0	-1
46	0	-3
48	0	-2
50	0	-5
52	1	-3
54	1	-3
56	1	-4
58	1	0
60	1	-3
62	1	-2
64	1	-2
66	1	-3
68	1	-2
70	1	-1
72	1	-3
74	1	-4
76	1	-4
78	1	-4
80	2	-4
82	1	-2
84	2	-2
86	1	-4
88	2	-3
90	2	0
92	2	0
94	2	-2
96	2	-4
98	2	-2
100	2	-2
102	2	-1
104	2	0
106	2	-2
108	2	-2
110	2	-2
112	2	1
114	2	-3
116	2	-2
118	2	-4
120	2	-3
122	3	-1
124	2	-2
126	2	-3
128	2	-2
130	2	0
132	2	-2
134	2	-2
136	3	-2
138	3	-1
140	3	-4
142	2	-2
144	3	-3
146	3	-2
148	3	-2
150	3	-4
152	3	-2
154	3	-2
156	3	2
158	3	0
160	3	-1
162	3	-1
164	3	-2
166	3	-1
168	3	0
170	3	-2
172	3	-3
174	3	-3
176	3	-3
178	3	-2
180	3	-1
182	3	-2
184	3	-2
186	3	-1
188	3	-1
190	3	-3
192	3	0
194	3	-2
196	3	-3
198	3	-2
200	3	-1

TEST 5 x -> 1/(1-x-x^2) na [-1, 0.5]
QUADGK : int_a^b f dx = 1.721635763856

SIMPSON
2	1
4	2
6	3
8	4
10	4
12	5
14	5
16	6
18	6
20	7
22	7
24	7
26	7
28	8
30	8
32	8
34	8
36	9
38	9
40	9
42	9
44	9
46	10
48	10
50	10

TRAPEZY
2	0
4	1
6	1
8	2
10	2
12	3
14	3
16	3
18	3
20	4
22	4
24	4
26	4
28	4
30	4
32	5
34	5
36	5
38	5
40	5
42	5
44	5
46	5
48	5
50	6

LOSOWE
2	-1	-1
4	1	0
6	1	1
8	1	0
10	2	0
12	2	2
14	2	1
16	2	1
18	3	0
20	3	3
22	4	2
24	3	3
26	3	1
28	4	2
30	4	2
32	2	1
34	4	2
36	3	1
38	4	2
40	4	1
42	4	1
44	4	3
46	5	4
48	4	2
50	4	1
52	5	4
54	4	1
56	5	1
58	5	2
60	5	2
62	4	3
64	3	1
66	5	3
68	5	2
70	5	2
72	5	2
74	6	3
76	4	2
78	6	3
80	6	2
82	4	2
84	5	2
86	5	3
88	5	2
90	5	1
92	5	3
94	5	2
96	6	3
98	5	4
100	4	3
102	5	2
104	5	2
106	6	3
108	6	3
110	6	3
112	5	1
114	5	4
116	6	3
118	6	2
120	6	5
122	6	2
124	6	3
126	6	4
128	6	3
130	6	3
132	5	1
134	6	3
136	6	2
138	5	1
140	7	3
142	6	7
144	6	4
146	6	2
148	6	2
150	6	2
152	5	2
154	7	3
156	6	3
158	7	2
160	6	4
162	6	2
164	6	3
166	7	2
168	6	2
170	7	3
172	7	2
174	7	2
176	7	4
178	7	5
180	6	4
182	7	3
184	7	4
186	7	5
188	7	3
190	7	4
192	7	5
194	7	3
196	7	4
198	6	2
200	6	2

TEST 6 x -> 7*x^5 + 2*x^4 + 3*x^3 - 12* - 2QUADGK : int_a^b f dx = 2.978903134237

SIMPSON
2	1
4	2
6	3
8	4
10	4
12	5
14	5
16	6
18	6
20	6
22	7
24	7
26	7
28	8
30	8
32	8
34	8
36	9
38	9
40	9
42	9
44	9
46	10
48	10
50	10

TRAPEZY
2	1
4	2
6	2
8	2
10	3
12	3
14	3
16	4
18	4
20	4
22	4
24	4
26	5
28	5
30	5
32	5
34	5
36	5
38	5
40	5
42	6
44	6
46	6
48	6
50	6

LOSOWE
2	0	-2
4	1	-2
6	1	1
8	6	0
10	0	0
12	2	1
14	5	2
16	3	0
18	3	2
20	3	0
22	4	4
24	7	1
26	4	1
28	4	1
30	5	3
32	7	3
34	4	1
36	4	3
38	4	1
40	4	4
42	6	1
44	4	2
46	4	4
48	6	4
50	5	1
52	4	3
54	4	3
56	4	0
58	6	1
60	4	1
62	5	2
64	7	4
66	9	2
68	6	2
70	7	1
72	6	2
74	8	4
76	9	3
78	6	2
80	5	1
82	4	1
84	5	3
86	5	1
88	5	3
90	7	6
92	5	2
94	4	1
96	6	2
98	5	2
100	7	1
102	8	4
104	7	3
106	7	6
108	7	2
110	6	3
112	6	3
114	6	4
116	8	3
118	7	3
120	5	4
122	8	2
124	6	2
126	8	7
128	6	3
130	6	3
132	6	2
134	4	1
136	7	5
138	7	4
140	6	3
142	6	5
144	6	2
146	6	2
148	7	3
150	5	2
152	7	3
154	6	4
156	7	3
158	7	5
160	8	5
162	8	2
164	10	5
166	5	3
168	7	2
170	6	1
172	6	4
174	10	3
176	10	3
178	8	3
180	9	3
182	8	4
184	7	4
186	8	3
188	7	3
190	8	3
192	7	3
194	6	1
196	7	3
198	7	3
200	7	5
